namespace quad
{
	// w, lamba1, lamba2, lamba3, lamba4
	namespace volume {
		const double gauss_11_point[11][5] = {
			{0.078933333333333, 0.250000000000000, 0.250000000000000, 0.250000000000000, 0.250000000000000},
			{0.045733333333333, 0.071428571428571, 0.071428571428571, 0.071428571428571, 0.785714285714286},
			{0.045733333333333, 0.071428571428571, 0.071428571428571, 0.785714285714286, 0.071428571428571},
			{0.045733333333333, 0.071428571428571, 0.785714285714286, 0.071428571428571, 0.071428571428571},
			{0.045733333333333, 0.785714285714286, 0.071428571428571, 0.071428571428571, 0.071428571428571},
			{0.149333333333333, 0.399403576166799, 0.399403576166799, 0.100596423833201, 0.100596423833201},
			{0.149333333333333, 0.399403576166799, 0.100596423833201, 0.399403576166799, 0.100596423833201},
			{0.149333333333333, 0.399403576166799, 0.100596423833201, 0.100596423833201, 0.399403576166799},
			{0.149333333333333, 0.100596423833201, 0.100596423833201, 0.399403576166799, 0.399403576166799},
			{0.149333333333333, 0.100596423833201, 0.399403576166799, 0.100596423833201, 0.399403576166799},
			{0.149333333333333, 0.100596423833201, 0.399403576166799, 0.399403576166799, 0.100596423833201}
		};
	}

	// w, lamba1, lamba2, lamba3
	namespace surface {
		const double gauss_6_point[6][4] = {
			{0.223381589678011, 0.108103018168070, 0.445948490915965, 0.445948490915965},
			{0.223381589678011, 0.445948490915965, 0.108103018168070, 0.445948490915965},
			{0.223381589678011, 0.445948490915965, 0.445948490915965, 0.108103018168070},
			{0.109951743655322, 0.816847572980459, 0.091576213509771, 0.091576213509771},
			{0.109951743655322, 0.091576213509771, 0.816847572980459, 0.091576213509771},
			{0.109951743655322, 0.091576213509771, 0.091576213509771, 0.816847572980459}
		};
	}
}