namespace quad
{
	// w, lamba1, lamba2, lamba3, lamba4
	namespace volume {
		double gauss_11_point[11][5] = {
			{0.078933333333333, 0.250000000000000, 0.250000000000000, 0.250000000000000, 0.250000000000000},
			{0.045733333333333, 0.071428571428571, 0.071428571428571, 0.071428571428571, 0.785714285714286},
			{0.045733333333333, 0.071428571428571, 0.071428571428571, 0.785714285714286, 0.071428571428571},
			{0.045733333333333, 0.071428571428571, 0.785714285714286, 0.071428571428571, 0.071428571428571},
			{0.045733333333333, 0.785714285714286, 0.071428571428571, 0.071428571428571, 0.071428571428571},
			{0.149333333333333, 0.399403576166799, 0.399403576166799, 0.100596423833201, 0.100596423833201},
			{0.149333333333333, 0.399403576166799, 0.100596423833201, 0.399403576166799, 0.100596423833201},
			{0.149333333333333, 0.399403576166799, 0.100596423833201, 0.100596423833201, 0.399403576166799},
			{0.149333333333333, 0.100596423833201, 0.100596423833201, 0.399403576166799, 0.399403576166799},
			{0.149333333333333, 0.100596423833201, 0.399403576166799, 0.100596423833201, 0.399403576166799},
			{0.149333333333333, 0.100596423833201, 0.399403576166799, 0.399403576166799, 0.100596423833201}
		};
	}

	// w, lamba1, lamba2, lamba3
	namespace surface {
		double gauss_6_point[6][4] = {
			{0.223381589678011, 0.108103018168070, 0.445948490915965, 0.445948490915965},
			{0.223381589678011, 0.445948490915965, 0.108103018168070, 0.445948490915965},
			{0.223381589678011, 0.445948490915965, 0.445948490915965, 0.108103018168070},
			{0.109951743655322, 0.816847572980459, 0.091576213509771, 0.091576213509771},
			{0.109951743655322, 0.091576213509771, 0.816847572980459, 0.091576213509771},
			{0.109951743655322, 0.091576213509771, 0.091576213509771, 0.816847572980459}
		};

		double gauss_13_point[13][4] = {
			{0.144315607677787, 0.333333333333333, 0.333333333333333, 0.333333333333333},
			{0.095091634267285, 0.081414823414554, 0.459292588292723, 0.459292588292723},
			{0.095091634267285, 0.459292588292723, 0.081414823414554, 0.459292588292723},
			{0.095091634267285, 0.459292588292723, 0.459292588292723, 0.081414823414554},
			{0.103217370534718, 0.658861384496480, 0.170569307751760, 0.170569307751760},
			{0.103217370534718, 0.170569307751760, 0.658861384496480, 0.170569307751760},
			{0.103217370534718, 0.170569307751760, 0.170569307751760, 0.658861384496480},
			{0.032458497623198, 0.898905543365938, 0.050547228317031, 0.050547228317031},
			{0.032458497623198, 0.050547228317031, 0.898905543365938, 0.050547228317031},
			{0.032458497623198, 0.050547228317031, 0.050547228317031, 0.898905543365938},
			{0.027230314174435, 0.008394777409958, 0.263112829634638, 0.728492392955404},
			{0.027230314174435, 0.728492392955404, 0.008394777409958, 0.263112829634638},
			{0.027230314174435, 0.263112829634638, 0.728492392955404, 0.008394777409958}
		};
	}
}